1568779766000
1568794079000
1568009381000
1568963826000
1568965754000
1569460145000
1569380397000
1569406197000
1569218952000
1570606711000
 1570699560000
 1570756242000
 1570777814000
 1570842607000
 1570847545000
 1571019034000
 1571019621000
 1571127035000
 1571199011000
 1571110829000
 1571123427000
 1571137811000
 1571280465000
 1571213424000
 1571271855000
 1571277936000
 1571363396000
 1571367606000
 1571710236000
 1571364643000
 1571645546000
 1571703017000
 1571727848000
 1571798677000
 1571817056000
 1571883025000
 1571898946000
 1571970246000
 1562206034000
 1562288520000
 1572271786000
 1562806800000
 1563239220000
 1572406564000
 1572415588000
 1563499800000
 1564016844000
 1572489377000
 1572501922000
 1572591119000
 1572591784000
 1572594400000
 1564363800000
 1564538863000
 1566781680000
 1572848814000
 1566867600000
 1572950573000
 1562839200000
 1564794000000
 1567130400000
 1567389600000
 1568077200000
 1568682000000
 1568167200000
 1568855340000
 1569373200000
 1570497000000
 1570515000000
 1570521600000
 1570671000000
 1570676400000
 1571104800000
 1571123400000
 1571274600000
 1571706600000
 1571792400000
 1572489600000
 1572852000000
 1572919801000
 1573006273000
 1573109930000
 1573112272000
 1573179099000
 1573203162000
 1573205075000
 1573199111000
 1573201767000
 1573434322000
 1573540122000
 1573607544000
 1573783200000
 1573801860000